Nagents=1000 deg=3 randomizations=1000 maxsteps=2000
meank meanhom Nattractors numalwaysfrozen avgattrlength stdevlength fracchaos fracpop-HITCOUNTPTS
1.732000 0.682750 9 475 64.666672 106.361412 0.000000 0.488000 0.203000 0.197000 0.068000
1.205000 0.549500 238 37 235.768768 246.078354 0.174000 0.138000 0.065000 0.047000 0.038000
0.718000 0.641000 1 1000 1.000000 0.000000 0.000000 1.000000 0.000000 0.000000 0.000000
0.938000 0.531000 4 935 4.000000 0.000000 0.000000 0.259000 0.259000 0.256000 0.226000
0.342000 0.829000 1 1000 1.000000 0.000000 0.000000 1.000000 0.000000 0.000000 0.000000
2.641000 0.675500 0 0 0.000000 0.000000 1.000000 0.000000 0.000000 0.000000 0.000000
2.698000 0.800125 6 892 21.333334 16.907593 0.000000 0.666000 0.175000 0.094000 0.040000
2.418000 0.782875 2 989 4.000000 0.000000 0.000000 0.970000 0.030000 0.000000 0.000000
0.339000 0.830500 2 1000 1.000000 0.000000 0.000000 0.525000 0.475000 0.000000 0.000000
0.519000 0.740500 1 999 2.000000 0.000000 0.000000 1.000000 0.000000 0.000000 0.000000
2.897000 0.644875 0 0 0.000000 0.000000 1.000000 0.000000 0.000000 0.000000 0.000000
2.023000 0.699250 0 0 0.000000 0.000000 1.000000 0.000000 0.000000 0.000000 0.000000
0.194000 0.903000 2 1000 1.000000 0.000000 0.000000 0.503000 0.497000 0.000000 0.000000
1.869000 0.690250 0 0 0.000000 0.000000 1.000000 0.000000 0.000000 0.000000 0.000000
2.858000 0.819500 85 810 28.470612 15.558330 0.000000 0.101000 0.079000 0.068000 0.058000
0.871000 0.564500 2 994 2.000000 0.000000 0.000000 0.511000 0.489000 0.000000 0.000000
0.675000 0.662500 1 1000 1.000000 0.000000 0.000000 1.000000 0.000000 0.000000 0.000000
1.090000 0.522250 131 7 68.503830 33.938942 0.000000 0.301000 0.085000 0.050000 0.046000
0.326000 0.837000 1 1000 1.000000 0.000000 0.000000 1.000000 0.000000 0.000000 0.000000
0.924000 0.538000 8 942 4.000000 1.851640 0.000000 0.180000 0.170000 0.155000 0.148000
2.425000 0.760000 129 625 30.511641 19.449099 0.000000 0.085000 0.062000 0.061000 0.054000
2.935000 0.821500 1 954 8.000000 0.000000 0.000000 1.000000 0.000000 0.000000 0.000000
2.935000 0.811125 8 770 53.000000 90.755562 0.000000 0.784000 0.093000 0.086000 0.013000
1.777000 0.658000 0 0 0.000000 0.000000 1.000000 0.000000 0.000000 0.000000 0.000000
0.841000 0.579500 64 896 16.000000 6.982973 0.000000 0.027000 0.027000 0.027000 0.027000
2.022000 0.706875 0 0 0.000000 0.000000 1.000000 0.000000 0.000000 0.000000 0.000000
2.563000 0.731000 11 369 90.818169 241.639740 0.091000 0.397000 0.346000 0.105000 0.042000
1.924000 0.723750 36 541 93.722206 104.135246 0.115000 0.172000 0.112000 0.111000 0.093000
2.003000 0.749750 297 894 9.528611 3.087686 0.000000 0.055000 0.026000 0.025000 0.024000
1.098000 0.524250 45 418 24.444447 7.347095 0.000000 0.046000 0.039000 0.034000 0.033000
1.625000 0.628500 0 0 0.000000 0.000000 1.000000 0.000000 0.000000 0.000000 0.000000
1.918000 0.709250 0 0 0.000000 0.000000 1.000000 0.000000 0.000000 0.000000 0.000000
0.647000 0.676500 1 1000 1.000000 0.000000 0.000000 1.000000 0.000000 0.000000 0.000000
1.398000 0.599500 8 371 46.500000 54.850445 0.000000 0.956000 0.015000 0.010000 0.009000
1.419000 0.603250 3 996 4.000000 0.000000 0.000000 0.980000 0.011000 0.009000 0.000000
0.045000 0.977500 1 1000 1.000000 0.000000 0.000000 1.000000 0.000000 0.000000 0.000000
0.484000 0.758000 1 1000 1.000000 0.000000 0.000000 1.000000 0.000000 0.000000 0.000000
2.933000 0.757375 0 0 0.000000 0.000000 1.000000 0.000000 0.000000 0.000000 0.000000
1.291000 0.560000 27 87 461.481476 305.899719 0.973000 0.001000 0.001000 0.001000 0.001000
1.941000 0.715750 72 762 16.277782 8.167648 0.000000 0.123000 0.080000 0.071000 0.065000
2.722000 0.827125 23 981 5.478261 1.377401 0.000000 0.258000 0.170000 0.128000 0.072000
1.071000 0.514250 1000 103 80.247696 14.008238 0.000000 0.001000 0.001000 0.001000 0.001000
0.275000 0.862500 1 997 2.000000 0.000000 0.000000 1.000000 0.000000 0.000000 0.000000
0.211000 0.894500 1 999 2.000000 0.000000 0.000000 1.000000 0.000000 0.000000 0.000000
2.658000 0.804875 1 1000 1.000000 0.000000 0.000000 1.000000 0.000000 0.000000 0.000000
